0 1 = 0.03539
1 0 = 0.03539
1 2 = 0.01102
1 13 = 0.09728
2 1 = 0.01102
2 3 = 0.03619
2 12 = 0.1921
3 2 = 0.03619
3 4 = 0.02159
3 11 = 0.0252
4 3 = 0.02159
4 5 = 0.07036
4 10 = 0.05389
5 4 = 0.07036
5 6 = 0.05271
5 9 = 0.09182
6 5 = 0.05271
6 8 = 0.03679
7 8 = 0.03102
8 6 = 0.03679
8 7 = 0.03102
8 9 = 0.02196
9 5 = 0.09182
9 8 = 0.02196
9 10 = 0.1407
10 4 = 0.05389
10 9 = 0.1407
10 11 = 0.04511
11 3 = 0.0252
11 10 = 0.04511
11 12 = 0.05135
12 2 = 0.1921
12 11 = 0.05135
12 13 = 0.04089
13 1 = 0.09728
13 12 = 0.04089